tensor([], size=(1, 0, 2))
tensor([], size=(1, 0, 2))
tensor([], size=(1, 0, 2))
tensor([], size=(1, 0, 2))
tensor([], size=(1, 0, 2))
tensor([], size=(1, 0, 2))
tensor([], size=(1, 0, 2))
tensor([], size=(1, 0, 2))
tensor([], size=(1, 0, 2))
tensor([], size=(1, 0, 2))
tensor([], size=(1, 0, 2))
tensor([], size=(1, 0, 2))
tensor([], size=(1, 0, 2))
tensor([], size=(1, 0, 2))
tensor([], size=(1, 0, 2))
tensor([], size=(1, 0, 2))
tensor([], size=(1, 0, 2))
tensor([], size=(1, 0, 2))
tensor([], size=(1, 0, 2))
tensor([], size=(1, 0, 2))
tensor([], size=(1, 0, 2))
tensor([], size=(1, 0, 2))
tensor([], size=(1, 0, 2))
tensor([], size=(1, 0, 2))
tensor([], size=(1, 0, 2))
tensor([], size=(1, 0, 2))
tensor([], size=(1, 0, 2))
tensor([], size=(1, 0, 2))
tensor([[[0., 0.],
         [0., 0.],
         [0., 0.],
         [0., 0.],
         [0., 0.],
         [0., 0.],
         [0., 0.],
         [0., 0.],
         [0., 0.],
         [0., 0.],
         [0., 0.],
         [0., 0.],
         [0., 0.],
         [0., 0.],
         [0., 0.],
         [0., 0.],
         [0., 0.]]])
tensor([[[0., 0.],
         [0., 0.],
         [0., 0.],
         [0., 0.],
         [0., 0.],
         [0., 0.],
         [0., 0.],
         [0., 0.],
         [0., 0.],
         [0., 0.],
         [0., 0.],
         [0., 0.],
         [0., 0.],
         [0., 0.],
         [0., 0.],
         [0., 0.],
         [0., 0.]]])
tensor([[[0., 0.],
         [0., 0.],
         [0., 0.],
         [0., 0.],
         [0., 0.],
         [0., 0.],
         [0., 0.],
         [0., 0.],
         [0., 0.],
         [0., 0.],
         [0., 0.],
         [0., 0.],
         [0., 0.],
         [0., 0.],
         [0., 0.],
         [0., 0.],
         [0., 0.]]])
tensor([[[0., 0.],
         [0., 0.],
         [0., 0.],
         [0., 0.],
         [0., 0.],
         [0., 0.],
         [0., 0.],
         [0., 0.],
         [0., 0.],
         [0., 0.],
         [0., 0.],
         [0., 0.],
         [0., 0.],
         [0., 0.],
         [0., 0.],
         [0., 0.],
         [0., 0.]]])
tensor([[[0., 0.],
         [0., 0.],
         [0., 0.],
         [0., 0.],
         [0., 0.],
         [0., 0.],
         [0., 0.],
         [0., 0.],
         [0., 0.],
         [0., 0.],
         [0., 0.],
         [0., 0.],
         [0., 0.],
         [0., 0.],
         [0., 0.],
         [0., 0.],
         [0., 0.]]])
tensor([[[   0.0000,    0.0000],
         [   0.0000,    0.0000],
         [   0.0000,    0.0000],
         [   0.0000,    0.0000],
         [   0.0000,    0.0000],
         [   0.0000,    0.0000],
         [   0.0000,    0.0000],
         [   0.0000,    0.0000],
         [   0.0000,    0.0000],
         [   0.0000,    0.0000],
         [   0.0000,    0.0000],
         [   0.0000,    0.0000],
         [   0.0000,    0.0000],
         [3745.4700, 1512.6991],
         [   0.0000,    0.0000],
         [   0.0000,    0.0000],
         [   0.0000,    0.0000]]])
tensor([[[   0.0000,    0.0000],
         [   0.0000,    0.0000],
         [   0.0000,    0.0000],
         [   0.0000,    0.0000],
         [   0.0000,    0.0000],
         [3794.7517,  455.4119],
         [   0.0000,    0.0000],
         [3770.3469,  781.1141],
         [   0.0000,    0.0000],
         [   0.0000,    0.0000],
         [   0.0000,    0.0000],
         [3801.9070, 1094.7854],
         [   0.0000,    0.0000],
         [3700.6958, 1504.1774],
         [   0.0000,    0.0000],
         [   0.0000,    0.0000],
         [   0.0000,    0.0000]]])
tensor([[[   0.0000,    0.0000],
         [   0.0000,    0.0000],
         [   0.0000,    0.0000],
         [3758.1982,  243.8194],
         [   0.0000,    0.0000],
         [3785.6213,  440.2596],
         [   0.0000,    0.0000],
         [3764.4678,  790.6638],
         [   0.0000,    0.0000],
         [3771.5393, 1100.0208],
         [   0.0000,    0.0000],
         [3788.9482, 1091.2002],
         [   0.0000,    0.0000],
         [3673.8955, 1497.1447],
         [   0.0000,    0.0000],
         [3652.8320, 1925.4851],
         [   0.0000,    0.0000]]])
tensor([[[   0.0000,    0.0000],
         [3667.9653,  267.5308],
         [   0.0000,    0.0000],
         [3732.3694,  241.2281],
         [   0.0000,    0.0000],
         [3761.5886,  427.6934],
         [   0.0000,    0.0000],
         [3739.0042,  779.8792],
         [   0.0000,    0.0000],
         [3747.1284, 1088.1594],
         [   0.0000,    0.0000],
         [3765.7207, 1075.6437],
         [   0.0000,    0.0000],
         [3657.1189, 1488.5619],
         [   0.0000,    0.0000],
         [3666.1892, 1926.5343],
         [   0.0000,    0.0000]]])
tensor([[[   0.0000,    0.0000],
         [3635.5334,  274.0221],
         [   0.0000,    0.0000],
         [3696.0256,  248.7466],
         [   0.0000,    0.0000],
         [3723.4478,  436.5401],
         [   0.0000,    0.0000],
         [3698.0837,  784.2363],
         [   0.0000,    0.0000],
         [3669.1387, 1081.3997],
         [   0.0000,    0.0000],
         [3740.8354, 1071.7523],
         [   0.0000,    0.0000],
         [3648.5671, 1485.3099],
         [   0.0000,    0.0000],
         [3641.2170, 1931.3639],
         [   0.0000,    0.0000]]])
tensor([[[   0.0000,    0.0000],
         [3601.6255,  284.2774],
         [   0.0000,    0.0000],
         [3660.9824,  255.1130],
         [   0.0000,    0.0000],
         [3691.9387,  437.6693],
         [   0.0000,    0.0000],
         [3670.5205,  790.1561],
         [   0.0000,    0.0000],
         [3616.9067, 1062.6624],
         [   0.0000,    0.0000],
         [3712.1221, 1037.3875],
         [   0.0000,    0.0000],
         [3633.3818, 1482.1267],
         [   0.0000,    0.0000],
         [3641.7153, 1934.6719],
         [   0.0000,    0.0000]]])
tensor([[[3575.4214,  321.3938],
         [3576.1809,  280.8256],
         [   0.0000,    0.0000],
         [3642.7412,  249.0641],
         [   0.0000,    0.0000],
         [3669.6213,  428.4673],
         [   0.0000,    0.0000],
         [3645.2793,  776.7360],
         [   0.0000,    0.0000],
         [3524.6675, 1064.3566],
         [   0.0000,    0.0000],
         [3683.7488, 1014.5689],
         [3814.9426, 1003.1974],
         [3624.1494, 1476.0769],
         [3797.1213, 1471.4594],
         [3660.9778, 1951.7703],
         [3764.2163, 1923.2755]]])
tensor([[[3540.5281,  322.4995],
         [3539.8037,  284.7209],
         [   0.0000,    0.0000],
         [3608.5620,  251.3209],
         [   0.0000,    0.0000],
         [3651.9331,  417.8102],
         [3825.6016,  395.7291],
         [3639.8176,  753.3867],
         [   0.0000,    0.0000],
         [3475.6350,  994.1398],
         [   0.0000,    0.0000],
         [3676.0627,  979.0068],
         [3803.1870,  961.8259],
         [3610.2532, 1457.8583],
         [3781.4248, 1439.3566],
         [3663.0786, 1951.4377],
         [3775.2432, 1906.1024]]])
tensor([[[3512.9041,  335.4424],
         [3509.6399,  296.6521],
         [   0.0000,    0.0000],
         [3586.9958,  251.8190],
         [   0.0000,    0.0000],
         [3659.4412,  416.0305],
         [3814.1802,  371.3797],
         [3658.0278,  775.3630],
         [   0.0000,    0.0000],
         [3437.6206,  946.8467],
         [   0.0000,    0.0000],
         [3693.3274, 1003.7476],
         [3801.1980,  971.6250],
         [3575.6216, 1464.2908],
         [3698.1760, 1423.6274],
         [3693.2881, 1942.7021],
         [3736.3215, 1879.5022]]])
tensor([[[3488.8616,  348.5344],
         [3482.7271,  307.0750],
         [   0.0000,    0.0000],
         [3563.6479,  255.0703],
         [   0.0000,    0.0000],
         [3657.3281,  441.1818],
         [3792.5610,  387.7105],
         [3647.5234,  797.9989],
         [   0.0000,    0.0000],
         [3396.3884,  896.7344],
         [   0.0000,    0.0000],
         [3650.3071, 1001.6627],
         [3740.2954,  960.5125],
         [3537.8035, 1465.8700],
         [3618.8584, 1416.5731],
         [3684.4893, 1946.8561],
         [3689.4626, 1894.3143]]])
tensor([[[3465.5537,  359.7438],
         [3459.7927,  318.1130],
         [   0.0000,    0.0000],
         [3543.1533,  258.6762],
         [   0.0000,    0.0000],
         [3635.0398,  437.6532],
         [3760.2329,  397.7233],
         [3618.6711,  779.3795],
         [   0.0000,    0.0000],
         [3364.0342,  852.5349],
         [   0.0000,    0.0000],
         [3613.8003, 1005.7653],
         [3695.8513,  969.0231],
         [3519.0867, 1460.8156],
         [3593.2390, 1414.2374],
         [3637.7732, 1916.4437],
         [3632.2478, 1867.9424]]])
tensor([[[3439.5361,  371.5927],
         [3435.1443,  328.8289],
         [   0.0000,    0.0000],
         [3522.3789,  265.0479],
         [   0.0000,    0.0000],
         [3627.8286,  435.6631],
         [3729.6272,  416.0980],
         [3619.0408,  781.4493],
         [   0.0000,    0.0000],
         [3343.7126,  822.3326],
         [   0.0000,    0.0000],
         [3597.7524, 1008.3825],
         [3661.7930,  976.6626],
         [3503.3628, 1453.2308],
         [3553.7874, 1409.9506],
         [3604.6987, 1899.2770],
         [3579.0776, 1855.6930]]])
tensor([[[3415.9358,  384.6058],
         [3420.1208,  348.1483],
         [   0.0000,    0.0000],
         [3507.3774,  297.2203],
         [   0.0000,    0.0000],
         [3627.6653,  446.9799],
         [3614.7402,  429.9256],
         [3658.2283,  760.3863],
         [3619.0696,  725.0815],
         [3361.0613,  804.4082],
         [3401.9612,  847.6564],
         [3614.9863,  995.1763],
         [3604.9094,  964.5357],
         [3502.8333, 1415.4496],
         [3471.2947, 1363.4989],
         [3608.5330, 1843.1127],
         [3524.3650, 1781.9364]]])
tensor([[[3397.3750,  404.2787],
         [3396.4688,  364.5666],
         [   0.0000,    0.0000],
         [3480.9949,  302.2426],
         [   0.0000,    0.0000],
         [3630.0332,  450.3351],
         [3593.8882,  442.0445],
         [3667.8093,  790.8663],
         [3585.8423,  754.4501],
         [3367.5513,  795.4844],
         [3365.8850,  860.7814],
         [3584.9692, 1009.4878],
         [3553.3652,  979.9076],
         [3486.3445, 1415.1848],
         [3405.6096, 1367.0636],
         [3613.0276, 1851.0931],
         [3445.9163, 1804.2880]]])
tensor([[[3367.9314,  412.5646],
         [3376.0005,  371.6810],
         [3356.8235,  376.2895],
         [3475.3362,  317.8359],
         [   0.0000,    0.0000],
         [3613.8025,  468.7323],
         [3528.5618,  493.4734],
         [3676.7207,  780.1844],
         [3560.0046,  815.9807],
         [3397.2502,  811.1722],
         [3382.4509,  953.1749],
         [3564.6277, 1029.9546],
         [3493.0571, 1011.8806],
         [3466.9138, 1414.1938],
         [3324.5610, 1378.1200],
         [3609.4031, 1836.8295],
         [3366.5969, 1793.7266]]])
tensor([[[3344.0566,  413.1919],
         [3363.1172,  385.5777],
         [3342.0823,  372.5502],
         [3460.9292,  351.2840],
         [   0.0000,    0.0000],
         [3552.1299,  470.5555],
         [3478.2131,  459.7092],
         [3675.9143,  729.2048],
         [3495.5603,  776.7340],
         [3372.8411,  816.6469],
         [3342.4023,  951.2961],
         [3556.6729, 1008.1758],
         [3493.5088,  975.3393],
         [3496.1040, 1417.5273],
         [3341.3914, 1332.0928],
         [3601.6677, 1843.6785],
         [3311.8743, 1688.2874]]])
tensor([[[3309.1504,  433.7726],
         [3330.2219,  408.3208],
         [3317.1123,  391.0136],
         [3430.8254,  380.8579],
         [   0.0000,    0.0000],
         [3512.7417,  493.2744],
         [3447.0779,  469.2947],
         [3669.2812,  760.3034],
         [3475.2195,  767.5716],
         [3345.1833,  904.8506],
         [3313.1150,  926.5560],
         [3525.8101,  999.4794],
         [3462.5596,  962.1005],
         [3489.1892, 1443.1765],
         [3309.7017, 1348.6835],
         [3616.4363, 1861.5081],
         [3280.3037, 1668.2664]]])
tensor([[[3298.9705,  470.0238],
         [3313.7886,  440.9068],
         [3300.5767,  430.0130],
         [3409.8394,  397.5854],
         [   0.0000,    0.0000],
         [3512.7776,  498.4046],
         [3417.4233,  492.0117],
         [3660.6785,  758.3694],
         [3467.7217,  800.1423],
         [3350.3174,  867.0760],
         [3338.6655,  954.0683],
         [3527.5356, 1005.9927],
         [3439.5295,  977.1938],
         [3490.9241, 1417.7516],
         [3262.0095, 1341.6471],
         [3617.8792, 1850.6910],
         [3247.8928, 1697.2057]]])
tensor([[[3275.1074,  480.8927],
         [3291.5986,  451.0270],
         [3272.1653,  441.9827],
         [3385.8596,  408.2777],
         [   0.0000,    0.0000],
         [3495.1472,  513.7860],
         [3371.3806,  509.9201],
         [3641.3679,  765.3486],
         [3427.2783,  799.3038],
         [3349.5720,  877.3597],
         [3308.0713,  963.0753],
         [3506.8179, 1002.8187],
         [3400.6194,  976.1814],
         [3462.1116, 1397.6638],
         [3218.5261, 1328.1372],
         [3627.4536, 1825.3341],
         [3258.2197, 1691.0819]]])
tensor([[[3248.4722,  485.3483],
         [3266.6917,  456.8059],
         [3246.3979,  448.7396],
         [3359.0266,  422.1050],
         [   0.0000,    0.0000],
         [3480.4866,  534.9983],
         [3319.4165,  533.0209],
         [3655.7344,  768.1113],
         [3369.0149,  799.2482],
         [3389.4729,  886.0532],
         [3242.4612,  980.8178],
         [3483.9355, 1023.3045],
         [3356.2913,  996.5140],
         [3436.1194, 1396.6305],
         [3170.0698, 1325.6648],
         [3631.6077, 1823.5750],
         [3263.4934, 1691.1771]]])
tensor([[[3219.9678,  495.6668],
         [3237.6726,  463.9644],
         [3214.0811,  460.0260],
         [3333.9678,  425.8883],
         [   0.0000,    0.0000],
         [3463.7036,  542.2324],
         [3318.9282,  547.8378],
         [3640.1726,  802.1324],
         [3345.3672,  819.6136],
         [3415.6575,  900.3752],
         [3224.4517,  973.7115],
         [3468.9297, 1026.8530],
         [3348.0156, 1000.7775],
         [3432.0566, 1402.8981],
         [3170.2896, 1333.2629],
         [3635.1584, 1807.1030],
         [3217.0093, 1689.5068]]])
tensor([[[3210.6045,  504.9614],
         [3228.7144,  475.0564],
         [3202.0381,  472.3783],
         [3316.9460,  440.1483],
         [   0.0000,    0.0000],
         [3450.8562,  554.4987],
         [3265.3850,  559.8642],
         [3634.8984,  775.7560],
         [3305.5696,  797.4264],
         [3425.4858,  909.9772],
         [3168.6504,  980.5481],
         [3444.3794, 1028.8419],
         [3302.9358, 1008.1118],
         [3417.6118, 1381.4030],
         [3138.9492, 1328.0732],
         [3629.9246, 1790.7708],
         [3250.9651, 1697.4794]]])
tensor([[[3198.0806,  504.8309],
         [3215.8201,  475.9054],
         [3188.5715,  473.2660],
         [3304.0439,  439.3492],
         [   0.0000,    0.0000],
         [3439.8047,  549.4076],
         [3245.3411,  551.9196],
         [3611.1079,  769.6787],
         [3279.6338,  778.5187],
         [3445.3000,  907.8625],
         [3151.3669,  955.7672],
         [3431.4626, 1013.8251],
         [3284.9150,  995.0380],
         [3418.2549, 1372.1550],
         [3135.4316, 1326.9904],
         [3617.5432, 1775.3163],
         [3242.3752, 1698.2552]]])
tensor([[[3190.6179,  496.0886],
         [3209.2280,  468.8812],
         [3181.4370,  465.8270],
         [3299.2310,  434.4481],
         [   0.0000,    0.0000],
         [3430.3689,  537.0312],
         [3233.7429,  544.1795],
         [3602.8098,  748.0243],
         [3260.5085,  768.8289],
         [3471.2432,  899.1415],
         [3134.6267,  938.2634],
         [3417.9866,  981.5986],
         [3271.9639,  966.7852],
         [3418.2825, 1354.2698],
         [3143.4861, 1317.5054],
         [3601.8767, 1757.8685],
         [3236.1499, 1686.0551]]])
tensor([[[3190.5703,  485.2509],
         [3206.7512,  457.6397],
         [3180.5142,  455.9598],
         [3291.2329,  421.2799],
         [   0.0000,    0.0000],
         [3424.6443,  519.4997],
         [3228.5276,  528.9860],
         [3597.0388,  728.6951],
         [3254.5945,  753.5093],
         [3470.1653,  862.6694],
         [3127.8501,  909.9115],
         [3415.0044,  962.7994],
         [3271.6743,  949.2810],
         [3404.4155, 1335.4535],
         [3146.8616, 1301.5548],
         [3574.5659, 1741.3766],
         [3237.3079, 1676.8315]]])
tensor([[[3187.2388,  459.4271],
         [3202.9492,  431.1015],
         [3176.6567,  431.8755],
         [3285.2395,  398.3676],
         [   0.0000,    0.0000],
         [3423.4629,  502.8387],
         [3221.9136,  520.9160],
         [3597.7881,  704.6768],
         [3241.2473,  741.8670],
         [3468.5854,  847.8137],
         [3114.0535,  896.1264],
         [3414.1885,  955.3416],
         [3269.5747,  945.8401],
         [3405.8862, 1332.4272],
         [3158.4185, 1305.5254],
         [3555.6455, 1725.5190],
         [3239.0049, 1668.4036]]])
tensor([[[3197.2056,  449.1388],
         [3210.1658,  415.5109],
         [3181.7808,  420.5002],
         [3292.8042,  373.4290],
         [   0.0000,    0.0000],
         [3450.4946,  489.4073],
         [3228.6404,  505.9299],
         [3595.5698,  712.6312],
         [3235.7808,  721.4526],
         [3488.4766,  830.4088],
         [3121.6921,  864.3314],
         [3419.8872,  938.3099],
         [3264.9202,  930.2615],
         [3403.0686, 1290.8763],
         [3159.0029, 1276.3822],
         [3513.5466, 1667.0526],
         [3238.0725, 1648.7512]]])
tensor([[[3192.6672,  435.3779],
         [3206.1328,  402.6987],
         [3177.9172,  406.8625],
         [3291.9976,  360.9666],
         [   0.0000,    0.0000],
         [3456.2512,  477.0414],
         [3234.7166,  488.7896],
         [3602.9937,  700.2398],
         [3244.8665,  699.2333],
         [3484.6021,  815.8065],
         [3130.4387,  846.5297],
         [3426.0732,  921.6758],
         [3272.3064,  909.8775],
         [3395.6494, 1274.9771],
         [3155.8450, 1254.2816],
         [3484.8069, 1648.5374],
         [3217.3953, 1622.2943]]])
tensor([[[3199.9917,  437.9538],
         [3213.1714,  406.4146],
         [3186.0557,  407.9550],
         [3300.9434,  358.4938],
         [   0.0000,    0.0000],
         [3457.1711,  468.3550],
         [3236.5708,  484.1151],
         [3592.7097,  689.3141],
         [3246.0425,  690.5013],
         [3486.8938,  801.3704],
         [3137.6807,  848.1503],
         [3422.6763,  912.0482],
         [3268.8987,  899.9716],
         [3373.1206, 1261.3199],
         [3141.4124, 1237.3198],
         [3472.9006, 1625.6584],
         [3215.4963, 1592.2501]]])
tensor([[[3205.7380,  437.3827],
         [3221.1667,  405.6268],
         [3190.1865,  407.9153],
         [3305.8579,  363.0808],
         [   0.0000,    0.0000],
         [3457.5864,  473.6347],
         [3232.9233,  490.4442],
         [3597.8682,  692.3758],
         [3247.0476,  691.0333],
         [3475.0342,  813.1392],
         [3140.0874,  843.7749],
         [3422.3557,  909.7597],
         [3265.8333,  896.9779],
         [3366.2271, 1243.1865],
         [3131.8953, 1217.4115],
         [3451.2524, 1600.2513],
         [3190.9065, 1561.2360]]])
tensor([[[3208.7278,  447.3406],
         [3224.6055,  415.0612],
         [3192.6423,  417.6176],
         [3311.8940,  371.4772],
         [   0.0000,    0.0000],
         [3464.2422,  482.3069],
         [3239.0610,  500.1109],
         [3601.7651,  702.6132],
         [3251.6230,  698.4163],
         [3471.4375,  833.5707],
         [3142.8064,  846.6348],
         [3421.3740,  917.9305],
         [3263.0781,  904.2697],
         [3363.0354, 1238.6353],
         [3118.9233, 1213.0603],
         [3443.8726, 1586.7152],
         [3167.2383, 1547.1450]]])
tensor([[[3229.5381,  479.5162],
         [3240.7646,  443.2669],
         [3210.7847,  447.6693],
         [3314.0671,  392.2306],
         [   0.0000,    0.0000],
         [3462.5466,  493.4210],
         [3241.2693,  512.5122],
         [3601.4568,  716.0817],
         [3239.3923,  722.8132],
         [3481.5461,  849.1077],
         [3125.0955,  861.0260],
         [3423.0718,  927.7630],
         [3266.8059,  916.0880],
         [3367.2898, 1229.4321],
         [3121.5703, 1210.3048],
         [3421.1113, 1568.0222],
         [3128.8806, 1542.5098]]])
tensor([[[3228.7510,  490.0985],
         [3242.0532,  456.8453],
         [3211.9146,  459.2995],
         [3322.8398,  410.0485],
         [   0.0000,    0.0000],
         [3468.6118,  516.8002],
         [3250.0835,  540.0270],
         [3607.8401,  736.7354],
         [3246.8884,  749.9682],
         [3483.7646,  863.7710],
         [3120.9595,  877.2194],
         [3418.9646,  950.6278],
         [3261.9543,  938.2901],
         [3365.4888, 1258.0856],
         [3101.5125, 1236.2001],
         [3419.5510, 1586.7854],
         [3094.9814, 1546.5992]]])
tensor([[[3238.1755,  505.5771],
         [3252.8857,  472.4803],
         [3220.5676,  476.3254],
         [3329.4331,  433.9995],
         [   0.0000,    0.0000],
         [3470.3572,  549.7637],
         [3249.9172,  568.3037],
         [3598.4043,  772.4956],
         [3235.7412,  768.2191],
         [3481.8577,  904.6968],
         [3110.2334,  896.8263],
         [3420.3760,  976.7467],
         [3260.8757,  962.5263],
         [3370.8467, 1272.3981],
         [3090.1113, 1249.0492],
         [3414.8591, 1588.0953],
         [3064.3240, 1552.5883]]])
tensor([[[3237.9048,  522.6990],
         [3255.1218,  491.0167],
         [3223.7544,  493.8649],
         [3331.9045,  461.7680],
         [   0.0000,    0.0000],
         [3478.4392,  581.9343],
         [3243.3174,  590.3233],
         [3604.6531,  802.6692],
         [3212.8318,  785.9626],
         [3482.3225,  951.4020],
         [3088.3179,  905.6309],
         [3430.3208, 1002.9828],
         [3260.8875,  985.6750],
         [3382.3235, 1289.5419],
         [3070.9141, 1263.5596],
         [3415.7227, 1610.7471],
         [3042.0540, 1568.6012]]])
tensor([[[3240.9653,  537.5917],
         [3260.1016,  506.3356],
         [3223.0063,  507.5321],
         [3345.1077,  471.3776],
         [   0.0000,    0.0000],
         [3476.1023,  593.5169],
         [3242.2471,  606.9042],
         [3579.9326,  814.3753],
         [3200.3665,  800.7263],
         [3479.4875,  969.6682],
         [3093.3054,  942.6497],
         [3416.4529, 1016.5936],
         [3247.3557, 1001.5271],
         [3368.3206, 1293.9830],
         [3072.1577, 1271.1615],
         [3410.8794, 1597.3445],
         [3040.1721, 1560.5026]]])
tensor([[[3242.5518,  537.8457],
         [3263.7605,  507.6662],
         [3224.7048,  506.9571],
         [3349.1450,  475.7580],
         [   0.0000,    0.0000],
         [3470.2939,  598.5328],
         [3238.0125,  603.7679],
         [3565.4644,  820.5146],
         [3189.3018,  793.8604],
         [3476.3357,  985.0446],
         [3090.3958,  948.7338],
         [3409.7925,  999.3622],
         [3242.3086,  982.3025],
         [3361.7756, 1287.2467],
         [3071.9377, 1261.8336],
         [3406.0715, 1599.1791],
         [3039.9258, 1560.1593]]])
tensor([[[3241.6262,  516.9670],
         [3265.3308,  486.9959],
         [3223.5713,  487.1919],
         [3347.9336,  465.8199],
         [   0.0000,    0.0000],
         [3462.1948,  596.3826],
         [3230.0847,  604.6970],
         [3559.7061,  816.3977],
         [3181.8606,  795.0306],
         [3470.3989,  984.5387],
         [3088.9541,  946.9232],
         [3405.7136,  988.3700],
         [3238.6299,  972.6270],
         [3351.9697, 1274.2189],
         [3062.2214, 1249.6501],
         [3404.3511, 1595.8148],
         [3036.1182, 1555.2291]]])
tensor([[[3235.9519,  500.8331],
         [3260.7256,  471.9462],
         [3220.7537,  470.0872],
         [3346.3113,  453.3549],
         [   0.0000,    0.0000],
         [3460.8789,  586.5566],
         [3225.3589,  591.8826],
         [3547.7227,  812.9406],
         [3174.1240,  791.0772],
         [3477.0442,  981.6879],
         [3074.1147,  941.9692],
         [3402.3408,  963.2874],
         [3231.4688,  947.0114],
         [3367.7932, 1259.7158],
         [3057.3794, 1235.3719],
         [3412.7771, 1591.6619],
         [3029.8792, 1549.9775]]])
tensor([[[3234.9492,  488.4166],
         [3261.2112,  459.6055],
         [3218.9358,  457.4177],
         [3348.5437,  441.3222],
         [   0.0000,    0.0000],
         [3457.5662,  573.5588],
         [3220.0842,  582.2349],
         [3536.3103,  802.6410],
         [3165.6116,  786.9142],
         [3473.1008,  973.0881],
         [3070.5688,  924.0388],
         [3391.7673,  952.3429],
         [3219.6687,  938.3123],
         [3362.3459, 1253.9905],
         [3052.4761, 1234.9109],
         [3412.3369, 1594.2872],
         [3032.0540, 1556.8386]]])
tensor([[[3230.1572,  460.8238],
         [3258.7729,  433.6217],
         [3216.7478,  431.2413],
         [3348.0032,  426.7250],
         [   0.0000,    0.0000],
         [3451.2949,  568.6315],
         [3215.3943,  573.6639],
         [3528.8057,  793.6633],
         [3150.7368,  770.9216],
         [3462.5544,  960.2488],
         [3051.4373,  907.9819],
         [3381.0557,  941.2551],
         [3210.2683,  926.3156],
         [3364.0410, 1251.2877],
         [3056.2581, 1229.5775],
         [3416.2334, 1595.2831],
         [3034.1968, 1553.0150]]])
tensor([[[3225.8694,  442.1211],
         [3254.3826,  415.3147],
         [3213.5728,  412.8559],
         [3342.5566,  412.5267],
         [   0.0000,    0.0000],
         [3443.2361,  556.9525],
         [3213.3079,  563.5696],
         [3520.8752,  782.7820],
         [3138.6228,  762.2613],
         [3453.8276,  949.6410],
         [3028.7585,  886.2574],
         [3381.0608,  929.5071],
         [3215.0435,  915.9696],
         [3365.0789, 1244.7008],
         [3065.9553, 1224.5883],
         [3415.1755, 1599.4301],
         [3037.5947, 1554.0868]]])
tensor([[[3217.8728,  427.0139],
         [3247.2629,  401.3177],
         [3207.0933,  398.4925],
         [3335.6235,  403.9980],
         [   0.0000,    0.0000],
         [3432.3262,  550.7399],
         [3204.0725,  555.9421],
         [3508.0679,  772.8232],
         [3117.7595,  750.6803],
         [3445.7354,  941.5170],
         [3002.1045,  872.0951],
         [3372.3787,  927.0606],
         [3206.9702,  914.0952],
         [3367.7373, 1243.4565],
         [3064.6335, 1223.8762],
         [3416.7107, 1597.5293],
         [3028.1064, 1550.0834]]])
tensor([[[3214.6494,  417.0531],
         [3245.0823,  389.2990],
         [3201.9851,  389.9042],
         [3323.5410,  398.6228],
         [   0.0000,    0.0000],
         [3415.0481,  548.7142],
         [3183.4929,  545.0944],
         [3497.1672,  766.3043],
         [3094.4385,  742.3087],
         [3452.2480,  946.5829],
         [2964.8457,  855.9028],
         [3367.8882,  941.2231],
         [3201.4490,  928.8171],
         [3356.9539, 1249.5543],
         [3048.1482, 1236.8397],
         [3407.5168, 1597.7871],
         [3030.6594, 1567.0463]]])
tensor([[[3217.1243,  411.5517],
         [3246.8877,  383.1361],
         [3203.1680,  384.5319],
         [3322.2000,  392.1846],
         [   0.0000,    0.0000],
         [3409.8611,  546.4306],
         [3180.9758,  544.8966],
         [3486.4614,  765.2593],
         [3082.8091,  740.9830],
         [3442.0181,  938.2941],
         [2937.6980,  839.2848],
         [3358.1843,  946.2091],
         [3193.8413,  935.3353],
         [3353.5913, 1251.5176],
         [3048.0781, 1242.6222],
         [3405.3511, 1593.6237],
         [3027.9941, 1569.0205]]])
tensor([[[3208.9485,  410.1483],
         [3239.3271,  381.5699],
         [3196.6450,  383.1378],
         [3318.3091,  390.0511],
         [   0.0000,    0.0000],
         [3407.7612,  543.3640],
         [3176.4023,  544.7499],
         [3480.1355,  763.0363],
         [3075.5181,  739.9616],
         [3435.0103,  937.0956],
         [2912.1018,  823.5414],
         [3350.2749,  951.0435],
         [3183.9514,  941.2061],
         [3354.6262, 1251.1765],
         [3042.7358, 1245.7218],
         [3406.5601, 1594.4150],
         [3025.4031, 1570.7373]]])
tensor([[[3208.1348,  407.1235],
         [3238.4165,  378.8349],
         [3196.3054,  380.3784],
         [3316.8064,  389.4310],
         [   0.0000,    0.0000],
         [3403.0769,  541.9069],
         [3177.6035,  547.0620],
         [3477.0989,  757.3824],
         [3073.1206,  741.2476],
         [3433.1846,  926.0085],
         [2905.8267,  801.9837],
         [3348.5378,  947.2950],
         [3185.4941,  939.3301],
         [3354.2559, 1247.0391],
         [3042.6213, 1244.7551],
         [3408.8564, 1591.4586],
         [3018.0251, 1566.2706]]])
tensor([[[3206.4456,  409.6318],
         [3236.6882,  381.2935],
         [3195.1472,  383.4184],
         [3316.0007,  392.8472],
         [   0.0000,    0.0000],
         [3401.2605,  544.3051],
         [3180.9546,  552.9009],
         [3475.2979,  756.5648],
         [3074.4377,  745.1072],
         [3430.8782,  921.7051],
         [2905.7922,  789.4801],
         [3348.7554,  947.0319],
         [3189.1934,  940.4669],
         [3351.7363, 1240.7572],
         [3044.6367, 1241.1888],
         [3409.6504, 1584.8749],
         [3019.4893, 1560.1304]]])
tensor([[[3208.8904,  411.5484],
         [3238.4612,  382.7073],
         [3197.4302,  386.0212],
         [3316.9910,  393.7284],
         [   0.0000,    0.0000],
         [3402.5464,  543.5109],
         [3183.1948,  557.4210],
         [3478.3245,  748.0571],
         [3078.5767,  744.8112],
         [3432.5620,  907.3411],
         [2906.9573,  774.7963],
         [3344.4404,  945.5306],
         [3185.5796,  941.2953],
         [3352.2021, 1227.7709],
         [3047.3896, 1233.0754],
         [3406.1523, 1571.7548],
         [3019.8899, 1551.8127]]])
